2,6,9~5,6,9
9,3,147~9,3,150
1,0,190~4,0,190
4,8,37~6,8,37
0,4,7~0,5,7
6,2,184~6,4,184
7,0,157~8,0,157
4,5,216~6,5,216
5,0,359~5,1,359
8,2,64~8,5,64
1,6,42~2,6,42
3,4,48~5,4,48
7,9,219~7,9,219
0,2,224~0,5,224
3,3,240~7,3,240
4,6,232~4,8,232
2,8,3~2,9,3
6,2,91~6,3,91
7,2,210~7,4,210
3,4,195~5,4,195
1,3,239~3,3,239
8,3,152~8,5,152
6,3,135~8,3,135
1,1,263~1,2,263
0,0,277~0,1,277
3,0,262~3,1,262
8,1,82~8,4,82
0,6,244~2,6,244
2,0,103~2,4,103
6,1,82~6,3,82
8,2,257~8,5,257
4,6,136~6,6,136
7,1,333~7,2,333
5,8,137~5,9,137
3,0,144~3,3,144
3,6,12~3,7,12
2,3,362~5,3,362
8,0,353~8,3,353
9,2,191~9,4,191
9,4,102~9,7,102
3,5,170~3,7,170
4,8,316~5,8,316
8,7,41~8,9,41
1,9,331~3,9,331
5,2,110~5,2,111
4,2,229~6,2,229
3,5,73~3,5,74
1,9,128~1,9,130
6,3,234~7,3,234
0,1,238~0,3,238
8,2,5~8,3,5
4,5,308~4,7,308
9,3,203~9,5,203
1,4,228~1,7,228
3,9,359~5,9,359
5,2,200~5,3,200
6,2,297~8,2,297
4,2,267~6,2,267
3,7,28~5,7,28
9,5,73~9,8,73
0,7,237~1,7,237
3,7,362~6,7,362
1,2,265~3,2,265
3,2,334~3,4,334
7,3,237~7,4,237
4,3,61~7,3,61
6,2,148~8,2,148
0,7,9~2,7,9
0,1,185~0,2,185
6,3,173~6,5,173
5,8,115~5,9,115
5,5,70~9,5,70
1,8,359~1,8,360
1,9,132~2,9,132
1,1,325~3,1,325
7,3,251~9,3,251
1,5,83~4,5,83
1,0,213~3,0,213
4,2,215~6,2,215
2,1,213~3,1,213
8,5,46~8,7,46
7,6,226~7,8,226
3,3,38~5,3,38
8,2,130~8,4,130
2,4,64~4,4,64
8,0,125~8,4,125
0,4,8~0,6,8
9,3,207~9,3,209
3,0,49~5,0,49
4,4,145~4,4,145
0,4,238~0,4,240
6,6,207~6,6,210
9,5,130~9,5,132
0,8,165~0,8,169
2,4,131~6,4,131
7,5,127~7,6,127
1,1,2~1,3,2
2,1,24~5,1,24
5,5,297~6,5,297
1,2,253~3,2,253
1,4,174~3,4,174
4,5,235~6,5,235
0,5,144~0,8,144
5,3,318~5,5,318
1,0,26~1,2,26
1,4,32~1,6,32
2,6,320~5,6,320
7,3,298~7,5,298
2,5,79~2,8,79
6,5,151~6,8,151
3,0,93~6,0,93
2,1,180~4,1,180
1,6,255~4,6,255
6,7,365~6,9,365
1,9,357~3,9,357
2,1,357~4,1,357
9,0,344~9,2,344
6,5,218~8,5,218
0,5,235~0,8,235
7,5,285~7,9,285
8,0,204~9,0,204
4,7,269~7,7,269
5,5,353~5,7,353
2,6,199~2,8,199
4,2,22~5,2,22
7,8,228~8,8,228
0,7,146~0,9,146
1,5,215~4,5,215
0,1,63~1,1,63
2,5,81~3,5,81
2,7,354~2,7,356
1,0,270~3,0,270
4,0,20~4,0,22
4,3,349~4,6,349
4,4,18~4,5,18
8,1,246~9,1,246
3,0,266~6,0,266
9,1,29~9,3,29
5,4,303~7,4,303
5,3,231~7,3,231
9,0,36~9,1,36
8,8,231~8,9,231
4,6,332~4,9,332
3,6,234~3,8,234
1,1,351~1,3,351
2,0,143~2,3,143
6,1,241~8,1,241
7,7,49~7,9,49
6,5,316~8,5,316
8,3,276~8,6,276
5,7,25~8,7,25
5,8,210~7,8,210
1,8,19~1,9,19
2,8,106~4,8,106
9,3,103~9,6,103
7,6,64~7,8,64
3,0,210~6,0,210
7,3,293~7,6,293
4,1,49~4,1,51
5,2,324~7,2,324
9,0,202~9,3,202
8,2,343~9,2,343
1,3,260~1,5,260
2,6,303~2,6,306
5,8,367~5,8,368
0,2,235~0,4,235
7,7,120~7,9,120
4,6,296~4,8,296
2,2,130~2,6,130
3,4,309~3,6,309
4,2,129~4,3,129
7,6,227~7,8,227
4,3,343~4,5,343
5,7,191~5,9,191
1,6,254~1,7,254
3,4,364~6,4,364
9,5,351~9,8,351
1,0,104~4,0,104
0,0,153~2,0,153
1,1,209~1,3,209
5,8,112~5,9,112
2,4,239~2,4,239
0,8,334~0,8,336
0,5,54~1,5,54
5,1,147~5,4,147
5,5,272~5,7,272
7,1,258~7,4,258
7,1,135~7,1,138
0,2,265~0,5,265
1,0,30~1,1,30
3,3,77~3,6,77
1,3,29~1,5,29
4,1,112~5,1,112
8,4,66~8,6,66
2,2,136~2,4,136
4,7,116~6,7,116
5,6,361~5,9,361
6,7,59~7,7,59
0,1,86~2,1,86
9,2,218~9,5,218
3,6,221~3,8,221
1,9,1~3,9,1
2,0,293~4,0,293
3,5,190~3,7,190
2,5,352~2,8,352
1,7,76~1,7,76
0,3,174~3,3,174
5,9,318~6,9,318
0,6,354~1,6,354
2,5,340~4,5,340
6,7,154~8,7,154
5,4,354~8,4,354
1,0,230~1,2,230
5,7,22~7,7,22
6,9,334~8,9,334
2,2,176~5,2,176
0,5,65~0,7,65
2,5,187~2,8,187
9,4,10~9,4,12
1,5,157~1,8,157
8,0,32~8,3,32
4,3,16~4,5,16
4,3,39~7,3,39
6,2,362~8,2,362
4,0,189~4,2,189
3,5,53~3,6,53
3,1,224~3,3,224
7,9,305~7,9,308
6,8,33~8,8,33
3,5,125~3,9,125
2,1,270~5,1,270
8,3,114~8,5,114
3,0,159~3,3,159
6,6,204~8,6,204
1,3,57~1,5,57
4,4,144~4,6,144
0,6,357~0,9,357
6,1,362~9,1,362
5,1,2~7,1,2
2,2,61~5,2,61
4,2,262~4,4,262
3,7,328~3,9,328
2,3,146~5,3,146
8,0,198~8,2,198
4,8,4~5,8,4
4,9,23~6,9,23
1,4,311~1,6,311
4,3,52~6,3,52
0,6,90~3,6,90
2,7,84~5,7,84
1,4,269~1,6,269
6,4,51~9,4,51
3,7,373~5,7,373
7,7,360~8,7,360
1,2,348~1,5,348
6,2,204~6,3,204
4,3,163~6,3,163
6,3,126~6,3,126
9,5,29~9,7,29
3,7,2~5,7,2
9,4,121~9,7,121
8,5,67~8,7,67
2,5,117~6,5,117
4,3,120~4,7,120
3,5,307~5,5,307
1,1,60~1,4,60
2,2,8~4,2,8
0,7,62~3,7,62
3,0,358~5,0,358
0,6,141~4,6,141
5,8,304~7,8,304
5,7,298~6,7,298
6,2,358~8,2,358
1,1,347~1,5,347
2,3,203~5,3,203
4,9,267~6,9,267
6,9,205~8,9,205
2,7,99~6,7,99
4,3,293~5,3,293
0,5,183~2,5,183
5,5,58~7,5,58
5,5,237~8,5,237
8,9,190~9,9,190
2,2,4~2,4,4
6,4,14~6,7,14
6,6,213~8,6,213
6,8,244~8,8,244
2,6,192~2,6,193
6,1,259~9,1,259
5,6,290~5,7,290
2,7,59~2,9,59
1,4,61~1,5,61
2,5,72~4,5,72
0,6,191~1,6,191
2,0,43~2,2,43
8,5,197~8,7,197
3,3,110~3,4,110
4,0,153~7,0,153
9,7,128~9,9,128
4,2,30~5,2,30
6,0,154~6,0,154
4,4,239~5,4,239
2,2,32~2,4,32
4,5,139~4,7,139
7,8,349~9,8,349
0,2,182~1,2,182
6,4,192~6,6,192
4,5,352~4,5,355
5,0,271~5,0,272
5,6,110~5,7,110
7,3,19~7,6,19
7,8,47~9,8,47
1,0,254~4,0,254
4,3,227~7,3,227
7,8,35~9,8,35
7,6,287~9,6,287
8,1,57~8,3,57
4,0,88~5,0,88
1,2,267~1,2,269
5,9,76~7,9,76
2,2,290~3,2,290
1,2,243~4,2,243
4,0,267~6,0,267
1,7,78~1,7,80
2,7,270~5,7,270
5,3,193~6,3,193
9,2,36~9,3,36
8,2,144~8,5,144
5,3,243~6,3,243
7,6,125~9,6,125
7,7,37~7,9,37
1,2,18~4,2,18
9,3,310~9,3,312
7,0,154~7,3,154
8,4,248~8,6,248
1,5,230~1,6,230
7,9,286~7,9,288
4,6,266~4,8,266
7,3,104~7,5,104
9,8,195~9,8,198
7,8,193~9,8,193
5,5,314~8,5,314
6,6,20~7,6,20
0,3,32~0,4,32
3,5,22~4,5,22
8,3,191~8,3,193
8,0,309~8,2,309
6,6,64~6,8,64
1,2,154~1,5,154
5,0,58~5,1,58
4,1,165~6,1,165
2,3,285~2,3,288
0,8,300~4,8,300
6,2,7~6,3,7
8,0,166~8,2,166
1,4,184~3,4,184
8,4,321~8,6,321
1,3,356~1,3,358
8,1,200~8,2,200
5,0,254~6,0,254
4,3,299~6,3,299
3,2,3~4,2,3
0,6,23~0,8,23
3,5,226~3,5,229
7,7,300~7,9,300
5,5,368~7,5,368
4,1,135~6,1,135
7,6,184~7,8,184
2,9,326~2,9,328
0,8,98~2,8,98
6,9,210~9,9,210
9,0,361~9,0,363
1,2,250~2,2,250
8,7,192~8,9,192
9,4,75~9,5,75
7,1,164~9,1,164
6,6,101~6,6,104
3,9,102~5,9,102
8,2,9~8,4,9
7,1,244~9,1,244
2,3,194~2,4,194
8,0,206~8,1,206
8,6,214~8,7,214
2,7,154~2,8,154
6,2,260~7,2,260
4,6,56~4,8,56
3,4,213~6,4,213
3,7,228~3,9,228
4,6,271~4,8,271
6,4,128~9,4,128
1,5,262~1,5,265
1,2,181~1,4,181
2,6,37~4,6,37
6,3,88~6,5,88
5,0,188~5,4,188
2,4,214~2,6,214
9,8,104~9,8,104
8,0,240~8,2,240
8,7,130~8,7,130
0,9,109~2,9,109
3,3,276~3,5,276
8,3,139~8,4,139
3,6,65~3,9,65
2,7,368~4,7,368
1,6,94~1,7,94
7,9,7~8,9,7
5,0,52~6,0,52
3,1,271~3,1,273
0,8,328~2,8,328
5,1,266~5,2,266
8,1,136~8,3,136
5,5,347~6,5,347
5,7,62~7,7,62
0,2,32~0,2,33
0,0,3~0,2,3
6,5,219~8,5,219
3,1,32~3,2,32
2,6,20~2,7,20
6,1,297~8,1,297
2,1,21~4,1,21
4,0,85~6,0,85
6,1,244~6,2,244
5,0,214~7,0,214
5,5,217~8,5,217
9,0,9~9,1,9
6,2,348~8,2,348
4,7,131~6,7,131
3,9,73~5,9,73
7,6,45~7,7,45
3,3,135~5,3,135
0,5,206~0,7,206
0,2,158~3,2,158
2,1,57~5,1,57
2,1,191~2,3,191
4,0,219~6,0,219
8,4,19~9,4,19
5,7,85~5,9,85
3,7,369~3,9,369
5,4,356~7,4,356
4,2,327~5,2,327
1,3,84~3,3,84
6,0,112~6,2,112
3,7,120~3,8,120
2,1,91~3,1,91
5,4,189~5,4,190
4,4,121~4,6,121
1,0,237~1,3,237
0,6,189~3,6,189
0,0,252~2,0,252
7,2,317~7,5,317
0,3,228~1,3,228
1,1,31~3,1,31
4,0,205~4,3,205
1,6,65~1,8,65
2,4,100~2,7,100
3,5,355~3,6,355
5,4,105~8,4,105
4,2,286~7,2,286
6,8,367~8,8,367
5,3,138~5,3,139
6,8,106~6,9,106
7,5,133~7,5,135
1,3,26~4,3,26
3,3,123~6,3,123
4,6,298~5,6,298
7,1,239~9,1,239
2,7,321~5,7,321
1,2,227~4,2,227
8,2,202~8,2,204
6,0,295~6,3,295
4,9,55~4,9,56
6,2,10~6,2,14
5,0,290~5,2,290
0,1,150~0,3,150
6,5,78~9,5,78
0,4,179~3,4,179
5,6,92~7,6,92
8,4,37~9,4,37
4,4,8~6,4,8
0,7,101~0,8,101
4,6,235~4,6,238
5,5,351~5,7,351
8,6,275~8,8,275
2,9,321~2,9,323
4,7,301~6,7,301
0,6,194~0,6,196
5,6,6~5,6,8
2,3,42~5,3,42
6,2,56~8,2,56
5,2,19~5,4,19
5,9,209~7,9,209
4,2,151~6,2,151
5,2,16~5,5,16
2,1,198~5,1,198
3,9,101~5,9,101
2,0,265~2,0,266
4,4,350~4,8,350
1,5,51~2,5,51
5,4,346~5,6,346
0,1,89~4,1,89
4,6,334~4,6,335
6,2,141~8,2,141
5,5,130~7,5,130
0,7,274~3,7,274
4,0,34~7,0,34
2,8,326~3,8,326
4,3,160~4,5,160
4,2,296~4,5,296
0,6,359~0,9,359
7,8,80~7,9,80
0,1,273~0,1,276
9,5,71~9,5,72
5,5,205~7,5,205
2,3,353~2,5,353
2,6,246~2,8,246
0,4,106~2,4,106
0,0,271~0,3,271
2,4,90~4,4,90
4,5,199~7,5,199
4,5,21~4,7,21
6,1,356~8,1,356
0,5,198~0,6,198
7,3,278~9,3,278
2,4,93~2,5,93
2,9,106~5,9,106
2,5,82~2,8,82
6,2,177~6,4,177
1,2,175~1,4,175
4,8,152~6,8,152
0,5,66~0,6,66
2,0,116~5,0,116
1,4,265~2,4,265
7,5,118~7,7,118
4,2,44~4,3,44
6,4,63~6,6,63
0,6,26~0,6,26
2,0,177~2,2,177
7,4,95~7,6,95
3,6,145~6,6,145
9,2,8~9,4,8
3,2,331~6,2,331
9,2,54~9,5,54
6,5,189~6,6,189
0,2,36~0,3,36
1,5,26~1,5,28
7,2,242~8,2,242
2,3,211~2,3,214
7,9,112~9,9,112
3,5,273~3,8,273
6,9,304~7,9,304
1,3,208~2,3,208
3,3,18~3,5,18
8,3,67~8,4,67
7,2,197~9,2,197
0,6,232~2,6,232
6,3,201~6,5,201
4,0,360~4,2,360
4,6,40~7,6,40
1,3,354~1,5,354
5,0,269~9,0,269
4,6,187~4,8,187
4,2,65~6,2,65
6,6,228~7,6,228
6,8,290~8,8,290
5,2,370~6,2,370
1,1,200~1,3,200
7,4,239~7,6,239
8,2,157~9,2,157
5,0,87~5,1,87
1,5,315~3,5,315
1,8,164~5,8,164
7,9,48~9,9,48
8,4,59~8,6,59
6,4,300~8,4,300
0,9,152~2,9,152
0,5,190~0,6,190
3,6,2~5,6,2
5,3,338~8,3,338
4,5,133~4,8,133
6,7,27~6,8,27
7,7,272~9,7,272
0,5,21~0,9,21
1,6,51~3,6,51
1,3,25~1,5,25
6,9,220~9,9,220
6,2,235~6,4,235
8,1,208~8,1,209
2,1,321~2,3,321
7,7,52~7,9,52
5,8,153~5,9,153
0,3,93~0,6,93
1,3,151~2,3,151
5,1,55~5,4,55
1,0,248~1,3,248
7,6,303~7,8,303
2,3,29~4,3,29
3,1,209~3,3,209
8,7,50~8,8,50
3,1,350~3,3,350
6,9,218~7,9,218
1,5,258~1,8,258
1,5,40~3,5,40
1,2,56~1,5,56
4,3,322~6,3,322
2,2,149~2,2,152
8,1,35~9,1,35
7,5,27~7,7,27
8,4,133~8,6,133
3,2,357~3,4,357
2,0,62~2,2,62
5,0,240~5,2,240
4,1,162~6,1,162
4,1,6~4,3,6
9,5,106~9,5,109
7,1,336~7,4,336
6,2,49~6,4,49
7,5,112~7,7,112
9,8,188~9,9,188
1,7,235~2,7,235
9,5,127~9,7,127
1,2,316~1,5,316
6,8,55~7,8,55
9,3,190~9,5,190
3,3,132~6,3,132
1,4,313~4,4,313
9,2,26~9,5,26
4,7,85~4,9,85
9,5,192~9,6,192
6,2,142~8,2,142
8,6,218~8,8,218
5,5,367~5,7,367
6,0,247~6,1,247
9,0,40~9,1,40
5,1,236~8,1,236
2,3,284~4,3,284
4,2,82~4,3,82
2,0,333~2,2,333
1,5,249~1,8,249
3,4,366~5,4,366
6,3,339~6,5,339
2,9,70~5,9,70
6,7,16~8,7,16
2,3,254~5,3,254
7,7,280~7,9,280
4,9,333~7,9,333
0,8,163~3,8,163
9,3,307~9,3,307
8,5,61~8,6,61
5,4,198~8,4,198
5,1,61~8,1,61
2,8,104~3,8,104
0,6,17~0,8,17
9,4,219~9,5,219
0,0,263~4,0,263
7,0,247~7,1,247
9,3,252~9,3,254
3,2,4~4,2,4
4,7,209~4,9,209
2,5,118~2,5,121
2,6,258~3,6,258
7,1,260~7,1,261
8,3,92~8,3,93
6,9,79~9,9,79
1,5,334~2,5,334
6,5,185~8,5,185
2,2,138~2,5,138
1,7,250~1,7,253
4,6,123~6,6,123
1,1,317~3,1,317
1,1,83~4,1,83
2,2,323~2,3,323
2,1,160~4,1,160
4,7,295~6,7,295
9,3,14~9,5,14
5,3,83~5,5,83
7,2,55~7,4,55
7,1,111~7,1,113
3,2,85~3,4,85
2,5,151~2,7,151
2,6,261~4,6,261
9,4,262~9,4,264
9,3,146~9,5,146
4,5,275~6,5,275
7,6,297~7,8,297
4,9,198~6,9,198
0,6,208~0,7,208
8,6,360~8,6,362
3,4,25~5,4,25
5,2,344~7,2,344
3,1,58~4,1,58
7,4,129~9,4,129
8,6,337~8,7,337
6,9,337~6,9,339
1,1,246~2,1,246
3,2,214~5,2,214
1,3,313~4,3,313
4,9,202~6,9,202
8,4,33~8,7,33
5,8,277~9,8,277
2,1,245~2,2,245
2,5,132~4,5,132
8,5,221~8,5,222
3,8,302~3,9,302
4,0,38~5,0,38
8,2,363~8,5,363
8,1,129~9,1,129
3,7,177~5,7,177
7,9,213~7,9,215
2,9,212~4,9,212
7,5,201~7,6,201
3,8,109~3,8,111
0,2,326~2,2,326
9,0,200~9,2,200
1,4,247~1,6,247
4,3,53~4,6,53
3,5,339~3,8,339
0,5,188~3,5,188
2,1,247~2,2,247
6,0,115~7,0,115
6,3,63~8,3,63
3,4,198~3,7,198
3,6,70~3,8,70
7,4,151~7,4,154
8,2,2~8,4,2
8,6,346~8,8,346
4,5,145~6,5,145
3,2,187~6,2,187
7,1,128~8,1,128
1,0,84~3,0,84
4,0,211~6,0,211
3,3,47~6,3,47
3,0,82~3,3,82
6,8,242~6,9,242
1,3,318~2,3,318
5,3,361~5,5,361
9,5,327~9,7,327
1,2,318~1,2,318
2,4,49~2,7,49
6,0,359~8,0,359
5,8,193~5,8,193
8,5,349~8,7,349
9,0,148~9,2,148
6,6,34~6,6,34
5,5,325~5,8,325
2,7,324~5,7,324
5,2,49~5,2,52
7,0,128~9,0,128
4,9,305~4,9,306
0,5,361~0,7,361
8,7,111~8,9,111
6,3,124~9,3,124
0,2,28~0,5,28
8,0,139~8,0,143
1,5,312~1,5,314
2,6,148~4,6,148
4,7,140~4,7,142
1,1,260~1,2,260
0,8,10~2,8,10
8,6,215~8,9,215
4,5,370~5,5,370
9,1,37~9,3,37
2,1,300~2,2,300
5,1,304~5,1,304
8,4,205~9,4,205
7,9,142~7,9,145
0,4,319~2,4,319
1,6,225~1,7,225
2,0,39~2,2,39
6,2,245~6,6,245
3,4,107~6,4,107
2,7,233~5,7,233
3,0,16~3,3,16
3,0,238~5,0,238
8,8,370~9,8,370
8,2,6~8,4,6
5,0,119~7,0,119
0,6,266~2,6,266
6,0,158~7,0,158
0,9,68~3,9,68
8,7,132~8,8,132
5,5,93~5,7,93
0,2,21~3,2,21
4,9,201~7,9,201
2,4,236~5,4,236
8,3,335~8,6,335
1,4,331~1,7,331
5,6,203~5,7,203
5,6,119~5,7,119
6,1,6~9,1,6
8,5,99~8,8,99
3,5,85~4,5,85
2,4,36~2,4,38
2,3,126~4,3,126
8,5,45~8,7,45
2,3,165~4,3,165
0,2,141~3,2,141
2,3,207~5,3,207
2,0,365~4,0,365
1,8,264~3,8,264
6,4,294~6,5,294
1,0,249~1,3,249
5,0,95~8,0,95
2,6,218~4,6,218
1,7,70~1,9,70
7,4,344~7,6,344
3,1,208~5,1,208
6,2,152~6,2,152
0,2,273~0,5,273
1,4,142~1,7,142
7,5,97~7,5,99
9,5,56~9,7,56
1,4,229~3,4,229
4,0,47~4,2,47
6,2,243~8,2,243
5,1,197~8,1,197
7,1,22~7,3,22
1,3,323~1,5,323
8,5,7~8,6,7
8,3,297~8,5,297
2,5,45~2,6,45
6,5,191~9,5,191
6,0,242~8,0,242
2,0,366~4,0,366
6,7,56~7,7,56
3,5,327~3,7,327
1,3,222~1,6,222
7,3,196~7,5,196
0,6,351~3,6,351
4,0,139~4,2,139
2,6,321~3,6,321
5,6,3~5,9,3
2,7,367~2,9,367
7,4,183~7,7,183
4,3,292~6,3,292
7,4,222~7,5,222
1,3,243~1,5,243
9,5,220~9,5,222
6,1,148~6,1,150
7,7,301~7,9,301
2,8,239~5,8,239
1,4,250~3,4,250
4,1,130~4,4,130
4,4,168~4,6,168
8,7,340~8,9,340
0,2,23~0,2,25
2,4,84~2,5,84
1,1,199~3,1,199
7,3,111~7,5,111
1,6,330~3,6,330
9,7,105~9,8,105
6,6,4~6,8,4
6,3,320~7,3,320
3,2,316~3,5,316
5,2,255~8,2,255
7,8,185~9,8,185
8,5,72~8,7,72
5,6,366~5,9,366
3,1,210~5,1,210
3,0,35~4,0,35
0,7,240~0,8,240
6,5,114~6,7,114
6,8,322~9,8,322
2,1,19~4,1,19
9,3,291~9,6,291
1,3,320~4,3,320
9,2,152~9,5,152
2,9,25~4,9,25
3,8,160~6,8,160
7,4,17~9,4,17
1,9,23~1,9,24
9,6,45~9,9,45
4,0,3~7,0,3
8,1,310~8,3,310
5,1,230~5,3,230
6,6,31~7,6,31
4,3,211~7,3,211
8,8,253~9,8,253
3,1,235~3,1,237
5,2,46~7,2,46
2,2,34~2,4,34
2,3,226~2,3,226
5,1,163~7,1,163
4,3,108~4,5,108
4,3,164~4,6,164
3,8,373~5,8,373
3,0,188~3,2,188
5,6,19~5,7,19
0,5,5~0,7,5
8,0,312~9,0,312
5,1,8~8,1,8
8,2,31~8,4,31
3,3,304~3,4,304
7,6,103~7,8,103
2,0,361~2,2,361
6,2,342~7,2,342
4,7,124~6,7,124
4,8,100~4,8,102
2,4,172~3,4,172
4,6,313~4,8,313
2,4,225~2,6,225
1,7,227~3,7,227
3,0,361~3,2,361
5,2,306~5,4,306
7,2,246~7,5,246
5,1,109~5,4,109
2,6,93~4,6,93
9,0,131~9,2,131
4,7,171~6,7,171
6,0,354~9,0,354
2,4,59~2,5,59
6,0,357~9,0,357
2,3,134~2,5,134
2,2,311~3,2,311
8,4,341~8,5,341
5,2,24~5,3,24
1,7,358~1,9,358
6,8,3~8,8,3
1,3,344~3,3,344
2,0,258~2,2,258
4,9,207~5,9,207
3,6,348~6,6,348
9,4,297~9,6,297
6,6,191~9,6,191
0,2,176~0,4,176
5,8,225~7,8,225
1,6,83~4,6,83
0,9,16~3,9,16
1,2,297~5,2,297
7,5,55~7,7,55
5,4,292~5,7,292
3,2,347~6,2,347
8,6,196~8,8,196
9,1,125~9,3,125
1,0,125~3,0,125
8,5,27~8,7,27
2,0,95~4,0,95
2,2,23~3,2,23
0,6,77~2,6,77
4,3,234~4,6,234
1,6,303~1,8,303
2,0,268~4,0,268
9,7,323~9,9,323
2,2,182~2,4,182
3,4,302~6,4,302
6,5,56~8,5,56
6,4,214~9,4,214
2,4,57~4,4,57
9,2,217~9,4,217
7,3,109~7,5,109
5,5,101~8,5,101
2,5,153~2,6,153
5,9,108~8,9,108
6,2,52~8,2,52
7,4,57~8,4,57
6,6,62~8,6,62
8,8,343~8,9,343
1,4,3~1,6,3
0,2,147~3,2,147
5,1,367~5,3,367
2,9,18~2,9,19
1,6,34~2,6,34
3,1,232~5,1,232
1,0,215~3,0,215
6,6,148~7,6,148
5,2,210~5,4,210
3,4,133~3,8,133
5,0,31~5,2,31
2,2,128~2,4,128
0,1,227~0,2,227
6,2,181~6,5,181
3,5,216~3,6,216
7,4,358~7,7,358
4,8,234~6,8,234
6,2,190~6,3,190
8,3,188~8,4,188
7,0,55~7,1,55
1,3,223~1,3,225
1,1,240~1,3,240
1,0,328~1,1,328
9,0,359~9,1,359
2,0,217~4,0,217
3,4,279~3,6,279
6,0,129~8,0,129
3,3,158~6,3,158
9,5,353~9,8,353
7,3,21~9,3,21
7,5,348~7,7,348
3,6,13~3,8,13
2,2,218~2,4,218
7,2,306~9,2,306
6,7,136~6,7,138
6,4,342~6,7,342
8,5,336~8,5,338
7,8,135~9,8,135
3,8,275~3,8,275
3,2,55~3,3,55
7,4,207~7,6,207
4,3,171~7,3,171
4,3,80~6,3,80
5,2,330~8,2,330
5,1,212~7,1,212
5,6,172~8,6,172
3,0,354~3,1,354
0,2,29~0,3,29
7,2,15~7,4,15
4,7,208~7,7,208
3,0,150~3,3,150
1,6,165~1,8,165
5,6,125~6,6,125
4,9,316~6,9,316
7,1,144~8,1,144
4,1,110~7,1,110
3,2,355~5,2,355
1,2,23~1,5,23
3,8,224~6,8,224
4,8,376~5,8,376
8,0,287~8,3,287
2,7,273~2,9,273
0,0,233~0,2,233
7,1,338~9,1,338
4,1,8~4,1,10
4,0,291~5,0,291
4,2,137~4,4,137
2,4,85~2,4,87
3,3,310~3,7,310
2,6,53~2,7,53
3,8,246~3,9,246
5,8,7~6,8,7
4,2,263~5,2,263
0,2,350~1,2,350
6,5,289~6,8,289
4,0,197~7,0,197
0,2,328~2,2,328
5,0,307~5,1,307
5,6,244~5,8,244
6,6,359~9,6,359
3,6,84~3,6,87
4,3,168~5,3,168
9,3,22~9,6,22
8,7,294~8,9,294
8,5,8~8,5,10
4,3,60~4,5,60
0,1,151~0,1,153
4,9,75~6,9,75
1,1,275~3,1,275
2,6,133~2,7,133
8,5,127~8,8,127
6,5,290~9,5,290
1,8,135~3,8,135
2,3,225~4,3,225
2,5,280~2,7,280
0,5,11~0,7,11
3,3,302~5,3,302
5,9,139~8,9,139
6,7,345~7,7,345
0,1,34~2,1,34
2,8,73~4,8,73
4,1,307~4,1,310
1,2,96~4,2,96
5,7,17~7,7,17
6,2,188~6,3,188
3,1,268~3,3,268
6,7,34~6,9,34
6,3,203~6,6,203
4,7,129~5,7,129
1,1,259~3,1,259
7,2,25~8,2,25
7,2,319~7,2,321
5,0,235~5,1,235
1,9,56~3,9,56
4,6,113~6,6,113
5,5,321~5,6,321
2,0,271~4,0,271
2,6,48~2,8,48
7,6,354~9,6,354
4,0,122~5,0,122
2,6,95~2,8,95
5,4,194~6,4,194
1,3,339~3,3,339
2,0,255~4,0,255
7,5,319~8,5,319
5,5,102~7,5,102
5,1,303~5,3,303
2,1,314~2,3,314
6,9,129~9,9,129
1,7,230~1,7,233
0,9,361~2,9,361
2,4,299~4,4,299
2,5,184~4,5,184
0,4,325~0,5,325
5,5,21~8,5,21
1,9,21~4,9,21
9,6,23~9,6,25
0,6,12~2,6,12
3,8,235~3,8,237
5,6,107~7,6,107
0,4,2~0,6,2
1,0,27~1,1,27
3,4,6~6,4,6
4,1,238~6,1,238
2,7,325~2,8,325
4,8,5~4,9,5
6,7,61~6,8,61
3,5,223~3,8,223
1,5,271~1,5,273
9,0,314~9,1,314
9,3,6~9,6,6
4,7,98~4,9,98
0,7,14~1,7,14
3,7,95~6,7,95
3,8,90~5,8,90
0,0,273~0,0,275
5,6,169~5,7,169
3,3,257~6,3,257
8,3,204~9,3,204
5,3,201~5,6,201
1,0,41~2,0,41
1,1,243~2,1,243
8,0,137~8,2,137
8,2,346~8,4,346
2,0,164~2,2,164
6,0,88~6,1,88
4,6,226~4,8,226
3,5,57~3,5,60
1,1,323~3,1,323
7,4,338~7,4,341
2,7,15~2,7,17
5,5,167~5,5,170
1,4,170~4,4,170
3,0,17~5,0,17
4,9,54~7,9,54
4,1,304~4,3,304
2,7,204~2,7,205
8,1,281~8,3,281
8,4,28~8,6,28
8,2,246~8,5,246
5,7,48~7,7,48
2,3,149~2,6,149
9,5,99~9,8,99
5,8,104~7,8,104
9,0,145~9,3,145
1,9,244~4,9,244
5,4,108~8,4,108
2,9,309~4,9,309
9,3,24~9,4,24
7,2,131~8,2,131
9,2,215~9,4,215
9,1,144~9,3,144
1,3,359~1,3,359
4,6,267~4,6,267
4,2,58~4,4,58
4,6,264~4,9,264
2,3,222~2,5,222
5,5,315~5,9,315
1,7,260~3,7,260
7,3,306~9,3,306
8,4,295~8,6,295
6,8,293~6,9,293
2,0,52~4,0,52
6,2,338~8,2,338
0,2,268~0,4,268
0,1,37~2,1,37
4,4,174~5,4,174
0,7,277~2,7,277
7,1,3~7,3,3
5,7,141~6,7,141
3,2,203~6,2,203
4,2,173~4,4,173
8,1,60~8,1,60
3,0,53~4,0,53
5,4,149~7,4,149
8,9,49~8,9,51
2,9,330~5,9,330
7,0,33~9,0,33
0,1,358~2,1,358
1,1,185~1,4,185
5,3,165~5,5,165
1,7,309~1,9,309
4,9,204~7,9,204
4,6,229~5,6,229
1,4,108~1,4,109
0,3,157~1,3,157
0,8,102~1,8,102
5,6,90~7,6,90
8,1,332~8,3,332
5,9,35~6,9,35
2,0,25~6,0,25
7,6,187~7,8,187
8,2,356~8,4,356
1,4,357~1,6,357
7,1,141~9,1,141
5,9,211~5,9,212
3,4,78~5,4,78
7,2,340~9,2,340
7,5,320~7,8,320
4,9,4~8,9,4
4,4,310~4,6,310
6,9,268~6,9,268
2,0,121~2,0,123
1,0,363~2,0,363
3,2,93~3,5,93
4,3,46~4,5,46
9,5,46~9,9,46
5,6,174~6,6,174
0,0,119~2,0,119
1,4,91~1,7,91
5,7,205~5,8,205
7,4,110~8,4,110
5,4,134~6,4,134
2,1,252~2,3,252
4,3,259~6,3,259
1,3,86~2,3,86
1,4,249~3,4,249
3,6,167~5,6,167
0,4,264~3,4,264
3,2,13~3,4,13
6,6,117~8,6,117
2,6,269~2,6,269
5,6,205~6,6,205
2,2,363~2,2,363
5,4,13~7,4,13
2,0,218~2,1,218
8,6,293~8,8,293
7,8,337~7,9,337
3,7,178~3,8,178
2,2,216~2,4,216
5,7,287~7,7,287
4,5,151~4,7,151
8,1,303~8,4,303
2,6,230~2,9,230
2,8,157~5,8,157
5,3,186~6,3,186
3,0,272~3,0,275
4,0,298~7,0,298
0,2,183~0,4,183
3,1,153~3,4,153
0,6,18~0,7,18
9,5,205~9,7,205
3,6,66~5,6,66
6,0,58~8,0,58
9,2,32~9,2,35
9,7,274~9,7,275
6,6,186~8,6,186
0,0,22~0,2,22
8,6,119~9,6,119
9,9,213~9,9,214
6,9,25~6,9,28
7,8,101~9,8,101
7,7,44~9,7,44
7,2,256~9,2,256
2,7,13~2,9,13
8,2,151~8,5,151
1,2,310~1,4,310
5,1,214~6,1,214
1,6,239~1,9,239
5,4,111~6,4,111
4,0,355~6,0,355
2,1,335~2,1,336
6,4,23~9,4,23
9,0,38~9,1,38
9,8,280~9,8,282
0,6,304~0,9,304
3,0,208~6,0,208
3,2,156~3,4,156
4,7,126~5,7,126
6,8,283~7,8,283
6,4,278~9,4,278
8,2,112~8,4,112
8,3,65~8,6,65
4,3,14~4,6,14
2,7,153~4,7,153
7,3,295~7,6,295
9,4,260~9,5,260
6,2,2~6,2,4
1,3,43~2,3,43
7,2,194~7,5,194
2,8,208~5,8,208
4,3,352~7,3,352
9,1,258~9,4,258
4,8,241~6,8,241
4,6,304~4,9,304
3,3,282~3,5,282
2,7,234~2,9,234
3,2,287~6,2,287
5,8,328~7,8,328
2,6,68~4,6,68
4,1,44~6,1,44
0,4,135~2,4,135
5,2,198~7,2,198
0,4,242~0,6,242
4,7,210~4,8,210
8,2,254~8,4,254
3,5,220~5,5,220
6,9,55~7,9,55
1,6,15~1,8,15
4,5,174~4,7,174
0,1,230~0,3,230
2,8,108~5,8,108
0,8,149~0,9,149
5,1,46~5,1,47
9,0,206~9,2,206
8,4,190~8,4,191
2,4,186~2,4,188
6,0,143~6,3,143
9,5,326~9,8,326
0,7,13~0,9,13
6,3,291~6,5,291
1,4,63~4,4,63
4,5,55~4,7,55
3,1,307~3,3,307
2,3,37~5,3,37
8,4,304~8,4,306
4,4,304~4,5,304
6,5,134~6,7,134
6,4,180~8,4,180
0,3,322~0,5,322
9,0,132~9,3,132
0,1,355~3,1,355
5,2,270~5,4,270
8,8,38~8,8,40
1,9,126~4,9,126
7,9,227~7,9,229
2,2,190~4,2,190
5,8,134~8,8,134
3,7,241~3,9,241
0,0,331~0,2,331
2,8,364~2,9,364
4,0,296~7,0,296
2,7,55~2,9,55
6,8,305~7,8,305
0,7,331~0,9,331
7,0,250~7,3,250
7,1,26~7,4,26
2,1,1~2,3,1
2,8,298~4,8,298
7,5,360~9,5,360
2,8,101~2,8,103
7,1,53~7,3,53
4,3,340~6,3,340
5,1,43~5,3,43
2,9,319~4,9,319
0,7,73~1,7,73
2,6,354~4,6,354
2,1,331~2,2,331
2,2,232~4,2,232
3,2,314~6,2,314
0,6,74~2,6,74
3,3,172~5,3,172
1,8,306~2,8,306
0,7,8~0,8,8
2,4,263~2,6,263
6,4,187~9,4,187
2,8,123~4,8,123
7,3,173~7,4,173
0,0,2~2,0,2
1,2,308~3,2,308
6,9,195~8,9,195
4,6,343~6,6,343
3,2,212~6,2,212
9,5,123~9,7,123
6,2,233~6,3,233
5,1,134~9,1,134
6,0,251~9,0,251
4,5,2~8,5,2
0,3,13~0,5,13
8,2,155~8,4,155
2,5,71~2,7,71
6,6,247~6,9,247
5,7,374~7,7,374
2,5,39~2,7,39
3,8,181~3,8,184
8,5,104~8,5,105
6,7,31~6,8,31
0,9,3~0,9,6
1,0,152~4,0,152
3,6,300~5,6,300
5,0,194~5,3,194
0,3,181~0,5,181
1,5,212~4,5,212
1,3,58~1,5,58
0,3,221~3,3,221
3,5,284~3,7,284
3,8,137~3,9,137
3,0,352~3,2,352
2,3,131~2,3,131
3,3,54~3,5,54
6,2,284~9,2,284
7,5,323~7,7,323
5,6,87~5,8,87
8,3,35~8,6,35
6,1,145~6,2,145
4,8,109~6,8,109
2,3,177~4,3,177
6,5,200~6,7,200
4,7,371~4,9,371
2,8,354~2,8,357
8,1,203~8,1,204
3,5,75~3,7,75
0,3,341~2,3,341
4,0,113~6,0,113
4,7,228~4,9,228
2,4,15~3,4,15
1,6,355~1,9,355
0,1,240~0,2,240
0,2,161~1,2,161
2,4,94~2,4,96
5,7,188~7,7,188
4,0,236~4,3,236
6,1,199~6,3,199
7,6,130~7,6,132
4,1,245~4,5,245
0,6,24~0,6,25
6,6,290~6,6,292
0,7,110~0,9,110
4,1,181~6,1,181
8,7,371~8,9,371
3,3,244~6,3,244
6,6,98~9,6,98
3,9,265~5,9,265
5,7,302~5,9,302
6,4,5~9,4,5
5,3,90~8,3,90
3,0,83~5,0,83
2,5,201~2,8,201
1,0,191~3,0,191
6,6,28~6,8,28
2,6,152~3,6,152
1,4,227~1,6,227
6,8,250~8,8,250
4,5,358~6,5,358
4,9,37~5,9,37
3,3,335~3,3,336
3,4,252~3,5,252
2,7,261~2,9,261
7,5,188~8,5,188
3,9,103~5,9,103
0,6,204~2,6,204
4,3,209~4,5,209
0,7,75~0,9,75
3,8,76~3,8,78
1,0,233~1,0,235
5,5,328~5,5,330
4,4,185~4,7,185
4,7,306~4,7,307
2,4,42~2,5,42
1,9,249~1,9,250
0,2,30~0,4,30
5,2,234~5,3,234
2,4,301~2,6,301
5,3,62~5,3,63
5,3,86~7,3,86
6,0,138~6,2,138
2,0,179~2,0,181
9,4,294~9,5,294
9,1,55~9,2,55
2,4,318~2,7,318
1,2,104~3,2,104
6,4,176~6,5,176
8,2,360~9,2,360
5,0,28~5,2,28
0,4,15~0,5,15
8,6,6~8,8,6
2,1,234~3,1,234
1,6,196~3,6,196
3,4,11~5,4,11
0,6,147~0,6,148
6,3,345~6,5,345
7,9,222~7,9,226
3,3,51~6,3,51
6,8,329~8,8,329
0,6,303~0,8,303
0,0,355~3,0,355
4,5,227~4,8,227
3,7,117~4,7,117
3,4,337~3,7,337
6,8,136~8,8,136
5,7,121~6,7,121
5,0,90~8,0,90
1,1,162~3,1,162
5,2,23~5,4,23
2,3,79~4,3,79
3,4,239~3,5,239
5,9,364~6,9,364
0,1,94~0,3,94
4,8,206~6,8,206
5,5,308~5,5,311
4,3,140~5,3,140
3,2,63~4,2,63
5,6,322~5,6,324
8,2,351~8,4,351
4,5,124~6,5,124
0,9,246~1,9,246
7,3,126~9,3,126
0,6,305~0,8,305
8,4,79~8,7,79
4,1,166~4,1,166
7,2,211~7,2,211
3,1,365~6,1,365
1,8,310~1,9,310